TT        PID       AT        CT        IO_D      WT        RT        TRT       
88        5         14        15        4         59        7         74        
88        6         16        20        8         52        0         72        
99        9         22        50        6         27        0         77        
124       8         20        40        7         64        31        104       
124       37        70        21        0         46        33        54        
125       7         18        25        4         82        0         107       
130       3         10        40        11        80        0         120       
177       47        155       22        0         0         1         22        
177       12        35        100       9         42        0         142       
177       49        174       3         0         3         -1        3         
196       43        119       38        0         39        21        77        
196       46        149       28        0         46        1         47        
213       11        34        70        11        109       7         179       
213       45        143       23        0         60        0         70        
221       2         8         35        9         178       83        213       
256       4         12        145       0         99        1         244       
256       26        20        137       0         226       11        236       
256       27        31        136       0         191       1         225       
256       28        35        132       0         221       -1        221       
256       34        62        105       0         140       0         194       
256       38        81        85        0         175       -1        175       
256       39        85        81        0         167       72        171       
256       48        160       77        0         96        -1        96        
256       29        40        127       0         198       1         216       
256       32        56        112       0         200       -1        200       
256       33        59        109       0         197       -1        197       
278       1         4         130       7         144       0         274       
372       13        36        110       14        226       11        336       
372       41        103       89        0         224       224       269       
372       62        335       80        0         20        1         37        
372       63        350       65        0         22        -1        22        
372       44        126       77        0         235       71        246       
372       52        197       76        0         162       0         175       
372       53        203       70        0         169       -1        169       
383       10        33        60        8         290       25        350       
430       14        39        120       15        271       0         391       
441       15        40        150       18        251       3         401       
441       30        47        146       0         394       -1        394       
445       16        42        200       6         203       0         403       
445       31        53        189       0         392       -1        392       
450       17        44        210       15        196       10        406       
510       18        46        215       6         249       2         464       
529       50        180       210       0         139       1         349       
529       54        206       184       0         261       259       323       
529       66        476       172       0         53        -1        53        
529       67        477       171       0         52        -1        52        
529       55        212       178       0         304       1         317       
529       56        214       176       0         283       0         315       
529       57        220       170       0         230       150       309       
529       64        392       149       0         127       53        137       
529       65        428       113       0         91        0         101       
529       58        225       165       0         211       0         304       
529       59        231       158       0         279       224       298       
529       60        233       157       0         292       1         296       
529       23        56        310       5         163       0         473       
529       42        107       266       0         357       150       422       
529       61        314       208       0         203       1         215       
655       19        48        250       8         357       52        607       
658       24        58        320       4         280       0         600       
658       35        64        313       0         546       1         594       
658       40        92        285       0         543       281       566       
658       68        516       269       0         39        40        142       
658       72        573       251       0         78        31        85        
658       73        605       219       0         53        -1        53        
658       36        68        309       0         557       462       590       
658       69        530       308       0         99        1         128       
658       71        550       289       0         108       -1        108       
658       74        608       283       0         1         1         50        
658       75        609       282       0         49        -1        49        
658       70        536       302       0         122       -1        122       
666       21        52        280       10        334       0         614       
666       51        184       206       0         393       87        482       
695       20        50        270       6         375       0         645       
715       22        54        300       10        361       5         661       
858       25        60        400       0         398       2         798       
Processes:75
Avg WT = 186.44,Avg RT =  32.0533,Avg TRT = 254.973
Migration %: 	RTF= 29.3333%,	MaxW = 30.6667%
Work Steal%: 0%
Forked Process: 66.6667%
Killed Process: 62.6667%

Processors:12 [4FCFS, 4SJF, 4RR ]
Processors Load 
p0=2.196319516	p1=2.395029516	p2=2.15979516	p3=1.615869516	p4=2.499619516	p5=2.996399516	p6=2.457779516	p7=2.196319516	p8=2.144029516	p9=2.076039516	p10=2.175399516	p11=1.966229516	

Processors Utiliz
p0=56.45169516	p1=61.06679516	p2=59.51019516	p3=46.39649516	p4=70.19099516	p5=76.70689516	p6=65.00699516	p7=55.55569516	p8=54.88629516	p9=53.14599516	p10=56.14049516	p11=50.13339516	
Avg utilization = 58.7659%
Thank you Lord!