TT    PID    AT    CT    IO_D    WT    RT    TRT
9    3    3    100    0    -94    0    6
9    31    3    99    0    -93    -1    6
18    5    5    324    0    -311    -1    13
60    29    29    30    0    1    2    31
123    14    14    45    2    64    0    109
160    20    20    34    3    106    2    140
182    33    10    172    0    0    1    172
182    34    11    171    0    0    -1    171
196    28    28    50    4    118    96    168
232    26    26    23    2    183    5    206
239    22    22    42    7    175    2    217
255    7    7    56    4    192    70    248
270    19    19    75    0    176    0    251
287    35    13    187    0    87    88    274
287    39    107    180    0    0    -1    180
329    16    16    109    1    204    0    313
374    36    13    192    0    169    170    361
374    40    184    190    0    0    -1    190
378    30    30    100    6    248    137    348
386    8    8    175    6    203    0    378
468    1    1    200    8    267    0    467
427    15    15    86    8    326    195    412
467    12    12    215    2    240    0    455
468    1    1    200    8    267    0    467
817    24    24    234    0    559    5    793
469    42    329    182    0    -42    -1    140
494    11    11    122    5    361    345    483
525    37    73    321    0    131    132    452
525    41    216    309    0    0    -1    309
569    25    25    86    2    458    162    544
557    43    532    50    0    -25    -1    25
569    25    25    86    2    458    162    544
612    2    2    130    11    480    110    610
730    9    9    323    1    398    63    721
666    23    23    154    5    489    477    643
729    18    18    233    6    478    0    711
730    9    9    323    1    398    63    721
772    6    6    200    7    566    0    766
813    10    10    536    6    267    0    803
816    27    27    234    2    555    7    789
817    24    24    234    0    559    5    793
828    32    8    759    0    61    62    820
828    38    76    752    0    0    -1    752
Processes:43
Avg WT = 189.326,    Avg RT = 54.6977,    Avg TRT = 382.884
Migration %:     RTF= 18.6047%,    MaxW = 13.9535%
Work Steal%: 13.9535%
Forked Process: 30.2326%
Killed Process: 23.2558%

Processors:11 [5FCFS, 4SJF, 2RR ]
Processors Load 
p0=2.848649516    p1=2.25349516    p2=1.822169516    p3=4.998799516    p4=3.340629516    p5=4.974499516    p6=4.944129516    p7=4.354969516    p8=4.938059516    p9=2.994419516    p10=2.830429516    

Processors Utiliz
p0=56.64259516    p1=44.80689516    p2=36.23199516    p3=99.39619516    p4=66.42519516    p5=98.9139516    p6=98.30929516    p7=86.59429516    p8=98.18849516    p9=59.54119516    p10=56.28029516    
Avg utilization = 72.8481%