TT        PID       AT        CT        IO_D      WT        RT        TRT       
10        5         5         32        0         0         0         5         
10        16        9         27        0         1         -1        1         
18        7         7         56        0         3         4         11        
18        17        11        55        0         7         -1        7         
30        18        20        7         0         3         3         10        
71        11        11        22        10        38        0         60        
86        8         8         17        6         61        0         78        
100       9         9         23        10        68        3         91        
102       10        10        56        20        36        0         92        
102       20        55        46        0         46        41        47        
102       21        56        45        0         46        -1        46        
121       19        38        81        0         2         2         83        
121       22        68        52        0         53        -1        53        
132       14        14        45        11        73        2         118       
142       12        12        25        20        105       3         130       
170       2         2         13        12        155       4         168       
174       1         1         20        10        153       0         173       
178       3         3         30        17        145       0         175       
189       4         4         76        9         109       4         185       
208       13        13        63        6         132       5         195       
209       6         6         92        14        111       5         203       
234       15        15        86        28        133       0         219       
Processes:22
Avg WT = 67.2727,Avg RT =  3.27273,Avg TRT = 97.7273
Migration %: 	RTF= 13.6364%,	MaxW = 9.09091%
Work Steal%: 0%
Forked Process: 31.8182%
Killed Process: 31.8182%

Processors:10 [3FCFS, 4SJF, 3RR ]
Processors Load 
p0=4.325589516	p1=0.8372099516	p2=3.20939516	p3=9.767449516	p4=5.906989516	p5=2.186059516	p6=2.232569516	p7=1.441869516	p8=0.3255819516	p9=0.9767449516	

Processors Utiliz
p0=41.51799516	p1=8.411219516	p2=31.94449516	p3=90.51729516	p4=56.69649516	p5=20.6149516	p6=22.42999516	p7=13.9649516	p8=3.211019516	p9=9.722229516	
Avg utilization = 29.9028%
Thank you Lord!