TT        PID       AT        CT        IO_D      WT        RT        TRT       
12        3         3         10        0         0         0         9         
12        31        5         7         0         5         6         7         
18        5         5         32        0         0         0         13        
18        32        6         30        0         6         7         12        
36        25        25        86        0         11        -1        11        
86        9         9         23        10        54        4         77        
105       38        82        23        0         0         1         23        
125       33        16        68        0         41        6         109       
125       39        90        35        0         15        16        35        
125       40        117       8         0         8         -1        8         
134       24        24        34        0         76        6         110       
151       14        14        45        11        92        15        137       
157       20        20        34        7         103       3         137       
160       43        151       10        0         0         0         9         
163       26        26        23        7         114       6         137       
165       36        45        46        0         74        1         120       
167       12        12        25        20        130       2         155       
178       11        11        22        14        145       0         167       
180       23        23        54        5         103       15        157       
180       35        43        48        0         133       43        137       
190       1         1         20        10        169       0         189       
192       34        19        65        0         108       107       173       
192       41        134       56        0         32        32        58        
192       44        171       50        0         21        -1        21        
192       45        173       48        0         19        -1        19        
192       42        136       54        0         56        -1        56        
196       8         8         17        6         171       21        188       
210       19        19        75        8         116       13        191       
212       7         7         56        10        149       0         205       
216       46        194       22        0         0         1         22        
216       37        80        25        0         111       112       136       
216       47        197       19        0         19        -1        19        
221       6         6         92        12        123       13        215       
224       2         2         13        12        209       4         222       
265       28        28        50        12        187       5         237       
265       22        22        42        7         201       5         243       
286       4         4         76        9         206       4         282       
289       10        10        56        24        223       0         279       
301       27        27        34        14        240       45        274       
305       18        18        39        10        248       2         287       
307       13        13        63        6         231       2         294       
320       29        29        60        12        231       4         291       
321       17        17        64        8         240       0         304       
323       15        15        86        28        222       0         308       
326       16        16        91        1         219       20        310       
328       21        21        67        17        240       59        307       
336       30        30        90        16        216       81        306       
Processes:47
Avg WT = 113.128,Avg RT =  13.9362,Avg TRT = 149.064
Migration %: 	RTF= 29.7872%,	MaxW = 27.6596%
Work Steal%: 0%
Forked Process: 36.1702%
Killed Process: 25.5319%

Processors:9 [3FCFS, 3SJF, 3RR ]
Processors Load 
p0=1.755649516	p1=2.298039516	p2=2.726239516	p3=3.796759516	p4=2.997439516	p5=3.339999516	p6=2.926069516	p7=1.812739516	p8=2.497869516	

Processors Utiliz
p0=41.83679516	p1=51.60269516	p2=58.95069516	p3=86.08419516	p4=70.70719516	p5=76.47069516	p6=62.69119516	p7=43.64269516	p8=56.63439516	
Avg utilization = 60.9577%
Thank you Lord!