3   3   3
3
5 50 90 5 2 3
30
1 1 20 2 (5,5),(15,5)
2 2 13 4 (5,4),(8,3),(9,2),(10,3)
3 3 10 0
4 4 76 2 (30,8),(55,1)
5 5 32 1 (23,4)
6 6 92 2 (4,8),(46,4)
7 7 56 2 (22,9),(40,1)
8 8 17 2 (4,2),(10,4)
9 9 23 1 (16,10)
10 10 56 2 (46,20),(50,4)
11 11 22 2 (10,10),(20,4)
12 12 25 1 (15,20)
13 13 63 2 (45,2),(49,4)
14 14 45 1 (10,11)
15 15 86 3 (20,22),(40,4),(60,2)
16 16 91 1 (70,1)
17 17 64 3 (34,3),(38,4),(60,1)
18 18 39 2 (30,6),(35,4)
19 19 75 1 (9,8)
20 20 34 1 (15,7)
21 21 67 2 (31,9),(53,8)
22 22 42 2 (7,3),(35,4)
23 23 54 1 (34,5)
24 24 34 0
25 25 86 1 (23,9)
26 26 23 1 (10,7)
27 27 34 2 (14,5),(19,9)
28 28 50 2 (36,6),(44,6)
29 29 60 2 (36,6),(41,6)
30 30 90 3 (24,11),(63,2),(81,3)
9 3
18 5
20 9
25 14
36 25
49 12