5   4   2
3
4 50 100 10
30
1 1 5 2 (2,3),(4,5)
2 2 7 4 (1,3),(2,3),(3,2),(4,3)
3 3 9 0
4 4 5 2 (2,3),(4,1)
5 5 4 1 (1,2)
6 6 3 2 (3,3),(4,4)
7 7 1 2 (2,3),(4,1)
8 8 3 2 (1,2),(3,4)
9 9 2 1 (4,1)
10 10 1 2 (2,2),(3,4)
11 11 5 2 (1,1),(4,4)
12 12 5 1 (1,2)
13 13 4 2 (3,2),(5,4)
14 14 6 1 (2,2)
15 15 5 3 (1,2),(2,4),(3,2)
16 16 7 1 (4,1)
17 17 6 3 (1,3),(2,4),(3,1)
18 18 6 2 (2,2),(4,4)
19 19 7 0
20 20 7 3 (1,3),(2,1),(3,3)
21 21 6 2 (1,3),(2,3)
22 22 5 3 (1,3),(2,4),(4,1)
23 23 4 1 (4,5)
24 24 6 0
25 25 1 1 (4,2)
26 26 4 1 (3,2)
27 27 4 2 (3,1),(4,1)
28 28 6 2 (3,2),(4,2)
29 29 3 3 (1,4),(2,1),(3,2)
30 30 5 3 (1,1),(2,2),(3,3)
9 3
18 5