TT        PID       AT        CT        IO_D      WT        RT        TRT       
9         3         3         100       0         0         0         6         
18        5         5         324       0         0         0         13        
18        34        12        316       0         6         -1        6         
18        35        14        314       0         4         -1        4         
83        31        7         55        0         21        22        76        
83        41        34        49        0         49        -1        49        
83        42        36        47        0         47        -1        47        
127       26        26        23        2         78        9         101       
180       29        29        30        0         121       10        151       
187       22        22        42        7         123       2         165       
212       7         7         56        4         149       0         205       
212       40        24        38        0         188       -1        188       
252       14        14        45        2         193       144       238       
274       32        9         191       0         74        75        265       
274       49        102       172       0         172       -1        172       
274       50        104       170       0         170       -1        170       
277       43        41        177       0         59        60        236       
277       51        106       171       0         171       -1        171       
277       52        108       169       0         169       -1        169       
332       1         1         200       8         131       0         331       
332       33        11        189       0         298       299       321       
332       57        317       181       0         15        -1        15        
332       58        319       179       0         13        -1        13        
335       25        25        86        2         224       4         310       
370       20        20        34        3         316       0         350       
376       28        28        50        4         298       8         348       
406       23        23        154       5         229       4         383       
418       16        16        109       1         293       29        402       
441       36        15        167       0         259       260       426       
441       54        291       150       0         150       -1        150       
441       55        293       148       0         148       -1        148       
444       15        15        86        8         343       0         429       
486       24        24        234       0         228       229       462       
488       19        19        75        0         394       0         469       
497       37        17        165       0         315       316       480       
497       59        339       158       0         158       -1        158       
497       60        341       156       0         156       -1        156       
620       30        30        100       6         490       326       590       
664       8         8         175       6         481       0         656       
666       27        27        234       2         405       161       639       
672       44        43        175       0         454       455       629       
672       63        516       156       0         156       -1        156       
672       64        518       154       0         154       -1        154       
672       11        11        122       5         539       303       661       
679       6         6         200       7         473       13        673       
696       13        13        263       6         420       0         683       
697       17        17        264       8         416       0         680       
720       12        12        215       2         493       433       708       
729       9         9         323       1         397       72        720       
783       10        10        536       6         237       0         773       
821       18        18        233       6         570       195       803       
825       38        19        754       0         52        53        806       
825       45        85        740       0         740       -1        740       
825       46        87        738       0         354       355       738       
825       61        451       728       0         374       -1        374       
825       62        461       718       0         364       -1        364       
834       39        21        752       0         61        62        813       
834       47        92        742       0         742       -1        742       
834       48        94        740       0         183       184       740       
834       53        278       739       0         556       -1        556       
834       56        295       722       0         531       531       539       
834       65        827       720       0         7         -1        7         
834       66        829       718       0         0         1         5         
834       67        834       713       0         0         -1        0         
967       4         4         764       4         199       6         963       
997       2         2         130       11        865       126       995       
1010      21        21        657       6         332       2         989       
Processes:67
Avg WT = 250.851,Avg RT =  70.5224,Avg TRT = 383.269
Migration %: 	RTF= 10.4478%,	MaxW = 2.98507%
Work Steal%: 5.97015%
Forked Process: 55.2239%
Killed Process: 46.2687%

Processors:11 [5FCFS, 4SJF, 2RR ]
Processors Load 
p0=3.247799516	p1=2.628619516	p2=3.232219516	p3=3.220539516	p4=3.185489516	p5=3.652799516	p6=3.637219516	p7=2.655879516	p8=2.986889516	p9=3.360729516	p10=2.749339516	

Processors Utiliz
p0=82.57439516	p1=66.83179516	p2=82.17829516	p3=81.88129516	p4=80.99019516	p5=92.87139516	p6=92.47539516	p7=67.52489516	p8=75.94069516	p9=85.44559516	p10=69.9019516	
Avg utilization = 79.874%
Thank you Lord!