TT        PID       AT        CT        IO_D      WT        RT        TRT       
18        5         3         233       0         15        -1        15        
89        38        70        15        0         4         5         19        
136       46        98        9         0         29        30        38        
169       26        33        43        2         93        1         136       
176       56        8         122       0         46        47        168       
176       63        94        82        0         82        -1        82        
176       64        96        80        0         80        -1        80        
202       14        14        46        12        142       5         188       
223       39        77        33        10        113       13        146       
284       15        20        18        26        246       55        264       
337       42        90        45        2         202       51        247       
375       20        24        53        23        298       9         351       
397       60        35        193       0         169       132       362       
397       66        184       175       0         213       -1        213       
397       67        186       173       0         211       -1        211       
449       50        120       34        13        295       32        329       
488       4         3         70        46        415       24        485       
505       19        24        71        0         410       3         481       
547       54        130       107       0         310       53        417       
549       18        24        23        16        502       0         525       
557       25        33        86        42        438       11        524       
589       62        39        189       0         361       359       550       
589       69        416       173       0         173       -1        173       
589       70        423       166       0         148       0         166       
589       71        425       163       0         164       -1        164       
589       72        430       158       0         159       -1        159       
604       7         5         56        14        543       0         599       
608       6         4         34        34        570       47        604       
641       3         1         100       0         540       0         640       
652       1         1         50        38        601       0         651       
658       53        128       54        30        476       43        530       
672       34        57        64        40        551       15        615       
711       57        9         121       0         581       168       702       
711       65        177       120       0         534       -1        534       
711       68        190       107       0         521       -1        521       
715       52        128       22        37        565       34        587       
740       28        40        80        43        620       0         700       
817       55        133       86        21        598       41        684       
875       58        14        145       0         716       698       861       
875       73        715       141       0         160       -1        160       
875       74        733       123       0         142       -1        142       
882       40        83        96        42        703       31        799       
1011      44        95        104       32        812       52        916       
1015      47        99        64        37        852       71        916       
1033      22        27        202       66        804       0         1006      
1045      36        59        100       45        886       115       986       
1095      59        32        200       0         863       844       1063      
1095      75        927       148       0         168       -1        168       
1095      76        929       146       0         166       -1        166       
1110      23        29        114       5         967       40        1081      
1118      33        57        120       0         941       146       1061      
1180      41        90        102       57        988       101       1090      
1253      37        60        115       79        1078      137       1193      
1280      16        20        109       11        1151      37        1260      
1286      11        8         122       49        1156      188       1278      
1305      61        37        195       0         1073      1059      1268      
1305      77        1106      189       0         199       -1        199       
1305      78        1111      184       0         194       -1        194       
1355      29        42        130       0         1183      173       1313      
1418      43        91        99        34        1228      155       1327      
1507      2         1         130       40        1376      0         1506      
1512      32        55        130       87        1327      11        1457      
1532      31        55        130       36        1347      557       1477      
1598      51        126       117       56        1355      138       1472      
1603      27        40        134       28        1429      0         1563      
1665      49        112       175       0         1378      47        1553      
1685      30        47        190       34        1448      1         1638      
1720      13        13        147       43        1560      0         1707      
1771      21        24        157       39        1590      15        1747      
1789      24        32        139       0         1618      53        1757      
1821      17        21        212       45        1588      0         1800      
2058      9         8         223       31        1827      4         2050      
2063      48        110       233       35        1720      359       1953      
2091      8         5         175       52        1911      0         2086      
2135      45        98        286       38        1751      34        2037      
2165      12        12        286       46        1867      0         2153      
2192      35        59        324       45        1809      19        2133      
2289      10        8         336       39        1945      324       2281      
Processes:78
Avg WT = 734.538,Avg RT =  84.2436,Avg TRT = 829.192
Migration %: 	RTF= 28.2051%,	MaxW = 256.41%
Work Steal%: 137.179%
Forked Process: 29.4872%
Killed Process: 21.7949%

Processors:6 [2FCFS, 2SJF, 2RR ]
Processors Load 
p0=1.059119516	p1=1.073029516	p2=2.512499516	p3=2.648559516	p4=2.181619516	p5=1.940419516	

Processors Utiliz
p0=38.14039516	p1=38.5779516	p2=80.04939516	p3=82.39549516	p4=71.47929516	p5=72.92279516	
Avg utilization = 63.9273%
Thank you Lord!