4   4   4
4
8 70 110 4 5 3
25
4 1 130 2 (50,3),(105,4)
8 2 35 3 (6,3),(10,3),(20,3)
10 3 40 2 (3,5),(35,6)
12 4 145 0
14 5 15 1 (10,4)
16 6 20 1 (15,8)
18 7 25 2 (12,3),(20,1)
20 8 40 2 (25,2),(30,5)
22 9 50 1 (30,6)
33 10 60 2 (50,3),(55,5)
34 11 70 2 (20,6),(60,5)
35 12 100 1 (12,9)
36 13 110 2 (80,6),(90,8)
39 14 120 1 (20,15)
40 15 150 3 (30,5),(80,6),(140,7)
42 16 200 1 (140,6)
44 17 210 3 (50,4),(60,5),(77,6)
46 18 215 2 (150,3),(205,3)
48 19 250 1 (199,8)
50 20 270 1 (155,6)
52 21 280 3 (131,4),(253,3),(270,3)
54 22 300 2 (25,6),(130,4)
56 23 310 1 (150,5)
58 24 320 1 (40,4)
60 25 400 0
15 24
35 13
40 7