2   2   2
6
9 35 30 15 2 7
55
1 1 50 2 (10,13),(33,25)
1 2 130 3 (20,7),(34,23),(45,10)
1 3 100 0
3 4 70 2 (7,41),(50,5)
3 5 233 1 (230,16)
4 6 34 2 (14,20),(30,14)
5 7 56 2 (22,3),(40,11)
5 8 175 2 (64,12),(110,40)
8 9 223 1 (163,31)
8 10 336 2 (100,25),(240,14)
8 11 122 2 (36,27),(70,22)
12 12 286 1 (155,46)
13 13 147 2 (15,2),(76,41)
14 14 46 1 (10,12)
20 15 18 1 (9,26)
20 16 109 1 (70,11)
21 17 212 3 (34,30),(133,4),(170,11)
24 18 23 2 (15,12),(21,4)
24 19 71 0
24 20 53 1 (15,23)
24 21 157 2 (31,11),(82,28)
27 22 202 2 (140,52),(170,14)
29 23 114 1 (83,5)
32 24 139 0
33 25 86 1 (23,42)
33 26 43 1 (10,2)
40 27 134 2 (88,14),(110,14)
40 28 80 2 (36,23),(47,20)
42 29 130 0
47 30 190 3 (24,9),(63,12),(81,13)
55 31 130 2 (60,31),(110,5)
55 32 130 4 (50,42),(80,3),(95,12),(100,30)
57 33 120 0
57 34 64 2 (12,30),(50,10)
59 35 324 1 (231,45)
59 36 100 2 (64,31),(80,14)
60 37 115 2 (22,56),(40,23)
70 38 15 0
77 39 33 1 (13,10)
83 40 96 2 (3,2),(45,40)
90 41 102 2 (36,53),(70,4)
90 42 45 1 (5,2)
91 43 99 2 (45,12),(66,22)
95 44 104 1 (10,32)
98 45 286 3 (20,12),(40,14),(60,12)
98 46 9 0
99 47 64 3 (4,13),(33,23),(60,1)
110 48 233 2 (70,31),(170,4)
112 49 175 0
120 50 34 1 (15,13)
126 51 117 2 (31,43),(68,13)
128 52 22 2 (7,3),(15,34)
128 53 54 1 (30,30)
130 54 107 0
133 55 86 1 (23,21)
9 3
18 5
50 23
63 7
80 32
81 16
100 29