6   5   2
5
5 100 150 7 4 7
20
1 1 100 3 (50,6),(70,7),(150,5)
2 2 150 5 (60,3),(85,4),(110,2),(130,3),(145,6)
3 3 200 2 (10,3),(550,5)
4 4 600 0 
5 5 220 3 (30,2),(133,3),(200,5)
6 6 180 1 (66,6)
7 7 30 2 (30,5),(166,6)
8 8 250 4 (64,5),(144,4),(177,7),(266,5)
9 9 20 3 (133,3),,(233,3),(333,6)
10 10 470 2 (141,4),(441,2)
11 11 170 1 (30,10)
12 12 230 1 (360,4)
13 13 210 2 (190,3),(200,4)
14 14 110 3 (20,3),(280,5),(416,4)
15 15 96 4 (30,3),(110,4),(220,3),(420,4)
16 16 69 0 
17 17 315 4 (11,3),(133,4),(233,2),(300,1)
18 18 215 3 (35,3),(177,4),(200,3)
19 19 123 2 (170,1)(200,2)
20 20 321 1 (40,6)
12 8
7 20