TT        PID       AT        CT        IO_D      WT        RT        TRT       
50        23        29        114       0         15        0         21        
74        57        4         46        0         24        24        70        
74        63        35        38        0         39        -1        39        
74        64        47        26        0         27        -1        27        
128       66        79        39        0         10        11        49        
128       69        98        30        0         30        -1        30        
128       70        106       22        0         22        -1        22        
165       15        20        18        26        127       0         145       
175       39        77        33        10        65        0         98        
201       38        70        15        0         116       20        131       
232       42        90        45        2         97        61        142       
235       46        98        9         0         128       52        137       
237       18        24        23        16        190       1         213       
237       62        30        18        0         207       -1        207       
283       71        130       106       0         47        48        153       
283       75        178       105       0         105       -1        105       
283       76        185       98        0         98        -1        98        
387       77        290       94        0         3         1         97        
387       78        291       93        0         96        -1        96        
387       79        295       89        0         92        -1        92        
392       26        33        43        2         316       35        359       
393       19        24        71        0         298       108       369       
445       14        14        46        12        385       33        431       
480       67        90        101       0         289       194       390       
480       80        392       88        0         88        -1        88        
486       20        24        53        23        409       17        462       
506       6         4         34        34        468       0         502       
519       58        6         44        0         469       69        513       
519       81        487       31        0         32        -1        32        
524       50        120       34        13        370       0         404       
556       1         1         50        38        505       0         555       
632       72        133       103       0         396       387       499       
632       82        522       100       0         108       0         110       
632       83        522       99        0         110       -1        110       
632       84        527       95        0         105       -1        105       
651       16        20        109       11        522       3         631       
653       52        128       22        37        503       38        525       
679       34        57        64        40        558       82        622       
696       53        128       54        30        514       43        568       
715       4         3         70        46        642       18        712       
721       73        133       88        0         500       500       588       
721       85        633       87        0         77        0         88        
721       86        633       86        0         88        -1        88        
721       88        638       81        0         83        -1        83        
721       87        635       85        0         86        -1        86        
810       74        135       86        0         589       587       675       
810       89        727       80        0         67        0         83        
810       91        729       77        0         81        -1        81        
810       92        732       74        0         78        -1        78        
810       90        729       78        0         81        -1        81        
850       25        33        86        42        731       305       817       
854       47        99        64        37        691       78        755       
918       7         5         56        14        857       0         913       
924       28        40        80        43        804       2         884       
928       61        20        118       0         790       791       908       
928       93        814       114       0         89        0         114       
928       95        825       102       0         103       -1        103       
928       96        827       100       0         101       -1        101       
928       94        816       112       0         112       -1        112       
1003      68        98        93        0         812       31        905       
1021      55        133       86        21        802       48        888       
1125      3         1         100       0         1024      0         1124      
1133      36        59        100       45        974       43        1074      
1160      31        55        130       36        975       0         1105      
1215      97        1011      192       0         12        0         204       
1215      98        1011      191       0         204       -1        204       
1215      99        1023      182       0         192       -1        192       
1231      40        83        96        42        1052      0         1148      
1241      43        91        99        34        1051      241       1150      
1246      41        90        102       57        1054      0         1156      
1273      51        126       117       56        1030      0         1147      
1278      54        130       107       0         1041      0         1148      
1301      2         1         130       40        1170      0         1300      
1301      56        2         128       0         1202      9         1299      
1301      60        12        126       0         1289      -1        1289      
1301      59        6         124       0         1295      -1        1295      
1331      32        55        130       87        1146      0         1276      
1334      11        8         122       49        1204      45        1326      
1374      44        95        104       32        1175      0         1279      
1503      65        57        200       0         1246      947       1446      
1503      100       1305      187       0         182       0         198       
1503      101       1305      186       0         198       -1        198       
1503      102       1308      183       0         195       -1        195       
1505      21        24        157       39        1324      644       1481      
1562      37        60        115       79        1387      260       1502      
1566      33        57        120       0         1389      71        1509      
1600      27        40        134       28        1426      0         1560      
1647      24        32        139       0         1476      157       1615      
1725      8         5         175       52        1545      6         1720      
1743      29        42        130       0         1571      34        1701      
1788      13        13        147       43        1628      331       1775      
1952      48        110       233       35        1609      0         1842      
1964      49        112       175       0         1677      232       1852      
2015      30        47        190       34        1778      0         1968      
2067      22        27        202       66        1838      29        2040      
2102      5         3         233       16        1866      198       2099      
2240      45        98        286       38        1856      228       2142      
2248      9         8         223       31        2017      51        2240      
2284      17        21        212       45        2051      8         2263      
2395      12        12        286       46        2097      350       2383      
2480      35        59        324       45        2097      537       2421      
2485      10        8         336       39        2141      366       2477      
Processes:102
Avg WT = 665.99,Avg RT =  81.8235,Avg TRT = 742.48
Migration %: 	RTF= 35.2941%,	MaxW = 376.471%
Work Steal%: 171.569%
Forked Process: 46.0784%
Killed Process: 34.3137%

Processors:6 [2FCFS, 2SJF, 2RR ]
Processors Load 
p0=1.482849516	p1=0.6892649516	p2=1.754859516	p3=1.721849516	p4=2.180039516	p5=2.473169516	

Processors Utiliz
p0=50.29119516	p1=26.63279516	p2=71.37499516	p3=67.32069516	p4=79.95169516	p5=83.09679516	
Avg utilization = 63.1112%
Thank you Lord!