TT        PID       AT        CT        IO_D      WT        RT        TRT       
9         3         3         10        0         0         0         6         
18        5         5         32        0         13        -1        13        
19        31        3         17        0         0         0         16        
19        32        11        8         0         8         -1        8         
40        9         9         23        10        8         0         31        
60        1         1         20        10        39        0         59        
66        35        40        8         0         18        19        26        
75        24        24        34        0         17        18        51        
75        40        72        3         0         3         -1        3         
101       14        14        45        11        42        0         87        
101       43        82        19        0         19        -1        19        
118       44        102       16        0         0         1         16        
118       45        109       9         0         9         -1        9         
118       46        113       5         0         5         -1        5         
146       20        20        34        7         92        30        126       
146       38        61        22        0         85        -1        85        
147       8         8         17        6         122       2         139       
148       12        12        25        20        111       2         136       
175       47        121       53        0         1         1         54        
182       23        23        54        5         105       0         159       
186       26        26        23        7         137       42        160       
187       34        28        57        0         102       48        159       
187       41        76        56        0         111       -1        111       
187       42        80        52        0         100       86        107       
187       19        19        75        8         93        2         168       
232       11        11        22        14        199       29        221       
243       36        48        73        0         122       54        195       
243       51        234       9         0         9         -1        9         
251       7         7         56        10        188       4         244       
256       16        16        91        1         149       2         240       
260       4         4         76        9         180       6         256       
260       33        24        61        0         198       41        236       
260       39        65        60        0         169       150       195       
260       48        219       55        0         9         1         41        
260       49        226       48        0         34        -1        34        
260       50        230       44        0         21        22        30        
260       52        256       39        0         0         1         4         
263       22        22        42        7         199       24        241       
264       18        18        39        10        207       17        246       
267       25        25        86        9         156       5         242       
267       37        57        64        0         177       131       210       
278       28        28        50        12        200       5         250       
290       2         2         13        12        275       4         288       
293       27        27        34        14        232       5         266       
307       21        21        67        17        219       0         286       
319       6         6         92        12        221       0         313       
321       13        13        63        6         245       1         308       
325       10        10        56        24        259       0         315       
329       17        17        64        8         248       0         312       
332       30        30        90        16        212       8         302       
336       29        29        60        12        247       71        307       
352       15        15        86        28        251       63        337       
Processes:52
Avg WT = 112.808,Avg RT =  17.0192,Avg TRT = 147.712
Migration %: 	RTF= 19.2308%,	MaxW = 5.76923%
Work Steal%: 0%
Forked Process: 42.3077%
Killed Process: 34.6154%

Processors:9 [3FCFS, 3SJF, 3RR ]
Processors Load 
p0=2.252319516	p1=2.825159516	p2=2.538739516	p3=3.60639516	p4=3.3989516	p5=2.564779516	p6=3.098559516	p7=1.731559516	p8=1.640419516	

Processors Utiliz
p0=53.72679516	p1=64.97019516	p2=56.85139516	p3=83.68589516	p4=78.14379516	p5=66.77979516	p6=69.38789516	p7=44.63099516	p8=39.49849516	
Avg utilization = 61.9638%
Thank you Lord!